Ranks:
 [[9.  8.  7.  4.  6.  5.  2.  3.  1. ]
 [2.  1.  3.  7.5 7.5 9.  4.5 4.5 6. ]
 [5.  9.  8.  6.5 6.5 4.  1.  3.  2. ]
 [2.  5.  1.  7.  9.  4.  3.  8.  6. ]
 [4.  9.  7.  5.5 5.5 8.  2.  3.  1. ]
 [6.  2.  8.  7.  5.  4.  1.  3.  9. ]
 [7.  7.  7.  3.  1.  4.  7.  7.  2. ]
 [1.5 1.5 3.  7.  8.  9.  4.  5.  6. ]
 [3.  2.  1.  5.  9.  7.  4.  8.  6. ]
 [2.  8.  6.  3.  4.  1.  5.  9.  7. ]
 [2.  2.  2.  6.5 6.5 6.5 6.5 6.5 6.5]
 [5.  4.  6.  8.  9.  7.  3.  1.  2. ]
 [2.  1.  3.  6.  7.  5.  4.  9.  8. ]
 [3.  2.  1.  6.  5.  4.  8.  9.  7. ]
 [2.  1.  3.  6.  4.  5.  8.5 8.5 7. ]
 [1.  2.  3.  7.5 7.5 9.  4.  6.  5. ]
 [2.  2.  2.  6.5 6.5 6.5 6.5 6.5 6.5]
 [2.  1.  3.  7.5 7.5 9.  6.  5.  4. ]
 [1.  2.  3.  8.  7.  9.  5.  6.  4. ]
 [1.  3.  2.  7.5 7.5 9.  4.  6.  5. ]
 [2.  2.  2.  6.5 6.5 6.5 6.5 6.5 6.5]]
Mean ranks:
 [3.07142857 3.54761905 3.85714286 6.26190476 6.45238095 6.26190476
 4.54761905 5.88095238 5.11904762]
w-statistic:
                  Gaus-major    Gaus-vect    Gaus-weight    Tree-major    Tree-vect    Tree-weight    KNeigh-major    KNeigh-vect    KNeigh-weight
-------------  ------------  -----------  -------------  ------------  -----------  -------------  --------------  -------------  ---------------
Gaus-major             0.00        -0.10          -1.30         -4.23        -4.00          -3.74           -2.26          -3.53            -2.59
Gaus-vect              0.10         0.00          -0.84         -2.97        -2.93          -3.01           -1.62          -2.74            -1.76
Gaus-weight            1.30         0.84           0.00         -3.02        -3.12          -3.07           -1.18          -2.50            -1.38
Tree-major             4.23         2.97           3.02          0.00        -0.52          -0.14            2.64           0.49             1.79
Tree-vect              4.00         2.93           3.12          0.52         0.00           0.31            2.86           0.88             1.97
Tree-weight            3.74         3.01           3.07          0.14        -0.31           0.00            2.36           0.64             1.40
KNeigh-major           2.26         1.62           1.18         -2.64        -2.86          -2.36            0.00          -1.81            -0.93
KNeigh-vect            3.53         2.74           2.50         -0.49        -0.88          -0.64            1.81           0.00             0.96
KNeigh-weight          2.59         1.76           1.38         -1.79        -1.97          -1.40            0.93          -0.96             0.00
p-value:
                  Gaus-major    Gaus-vect    Gaus-weight    Tree-major    Tree-vect    Tree-weight    KNeigh-major    KNeigh-vect    KNeigh-weight
-------------  ------------  -----------  -------------  ------------  -----------  -------------  --------------  -------------  ---------------
Gaus-major             1.00         0.92           0.20          0.00         0.00           0.00            0.02           0.00             0.01
Gaus-vect              0.92         1.00           0.40          0.00         0.00           0.00            0.10           0.01             0.08
Gaus-weight            0.20         0.40           1.00          0.00         0.00           0.00            0.24           0.01             0.17
Tree-major             0.00         0.00           0.00          1.00         0.61           0.89            0.01           0.62             0.07
Tree-vect              0.00         0.00           0.00          0.61         1.00           0.75            0.00           0.38             0.05
Tree-weight            0.00         0.00           0.00          0.89         0.75           1.00            0.02           0.52             0.16
KNeigh-major           0.02         0.10           0.24          0.01         0.00           0.02            1.00           0.07             0.35
KNeigh-vect            0.00         0.01           0.01          0.62         0.38           0.52            0.07           1.00             0.34
KNeigh-weight          0.01         0.08           0.17          0.07         0.05           0.16            0.35           0.34             1.00
Advantage:
                  Gaus-major    Gaus-vect    Gaus-weight    Tree-major    Tree-vect    Tree-weight    KNeigh-major    KNeigh-vect    KNeigh-weight
-------------  ------------  -----------  -------------  ------------  -----------  -------------  --------------  -------------  ---------------
Gaus-major                0            0              0             0            0              0               0              0                0
Gaus-vect                 1            0              0             0            0              0               0              0                0
Gaus-weight               1            1              0             0            0              0               0              0                0
Tree-major                1            1              1             0            0              0               1              1                1
Tree-vect                 1            1              1             1            0              1               1              1                1
Tree-weight               1            1              1             1            0              0               1              1                1
KNeigh-major              1            1              1             0            0              0               0              0                0
KNeigh-vect               1            1              1             0            0              0               1              0                1
KNeigh-weight             1            1              1             0            0              0               1              0                0
Statistical significance (alpha = 0.05):
                  Gaus-major    Gaus-vect    Gaus-weight    Tree-major    Tree-vect    Tree-weight    KNeigh-major    KNeigh-vect    KNeigh-weight
-------------  ------------  -----------  -------------  ------------  -----------  -------------  --------------  -------------  ---------------
Gaus-major                0            0              0             1            1              1               1              1                1
Gaus-vect                 0            0              0             1            1              1               0              1                0
Gaus-weight               0            0              0             1            1              1               0              1                0
Tree-major                1            1              1             0            0              0               1              0                0
Tree-vect                 1            1              1             0            0              0               1              0                1
Tree-weight               1            1              1             0            0              0               1              0                0
KNeigh-major              1            0              0             1            1              1               0              0                0
KNeigh-vect               1            1              1             0            0              0               0              0                0
KNeigh-weight             1            0              0             0            1              0               0              0                0
Bagging ranks
Ranks:
 [[7.  9.  8.  4.5 4.5 6.  3.  2.  1. ]
 [3.  2.  1.  8.  8.  8.  4.5 6.  4.5]
 [5.  9.  8.  6.5 6.5 4.  1.  3.  2. ]
 [2.  1.  3.  7.  8.  6.  4.  9.  5. ]
 [4.  6.  5.  8.  8.  8.  2.  3.  1. ]
 [1.  3.  2.  8.5 8.5 7.  6.  4.  5. ]
 [7.  7.  7.  2.5 2.5 1.  7.  7.  4. ]
 [4.  1.  5.  3.  6.  2.  7.  8.  9. ]
 [3.  2.  1.  5.  9.  7.  4.  8.  6. ]
 [2.  3.  1.  4.5 4.5 6.  7.  8.  9. ]
 [2.  2.  2.  6.5 6.5 6.5 6.5 6.5 6.5]
 [3.5 6.  3.5 8.  7.  9.  2.  5.  1. ]
 [3.  1.  2.  9.  8.  7.  4.  6.  5. ]
 [3.  2.  1.  5.5 5.5 4.  8.  8.  8. ]
 [3.  2.  1.  5.5 5.5 4.  8.  8.  8. ]
 [3.  1.  2.  8.5 8.5 7.  4.  6.  5. ]
 [2.  2.  2.  6.5 6.5 6.5 6.5 6.5 6.5]
 [3.  2.  1.  8.  8.  8.  6.  5.  4. ]
 [1.  2.  3.  8.5 8.5 7.  4.  6.  5. ]
 [1.  3.  2.  7.5 7.5 9.  4.  6.  5. ]
 [2.  2.  2.  6.5 6.5 6.5 6.5 6.5 6.5]]
Mean ranks:
 [3.07142857 3.23809524 2.97619048 6.54761905 6.83333333 6.16666667
 5.         6.07142857 5.0952381 ]
w-statistic:
                  Gaus-major    Gaus-vect    Gaus-weight    Tree-major    Tree-vect    Tree-weight    KNeigh-major    KNeigh-vect    KNeigh-weight
-------------  ------------  -----------  -------------  ------------  -----------  -------------  --------------  -------------  ---------------
Gaus-major             0.00         0.77           0.89         -4.44        -4.69          -3.94           -3.03          -4.02            -2.83
Gaus-vect             -0.77         0.00           0.39         -3.76        -3.90          -3.33           -2.68          -3.46            -2.19
Gaus-weight           -0.89        -0.39           0.00         -4.15        -4.33          -3.58           -2.84          -3.79            -2.57
Tree-major             4.44         3.76           4.15          0.00        -0.40           0.58            2.48           0.94             2.05
Tree-vect              4.69         3.90           4.33          0.40         0.00           1.01            2.92           1.42             2.49
Tree-weight            3.94         3.33           3.58         -0.58        -1.01           0.00            1.81           0.49             1.65
KNeigh-major           3.03         2.68           2.84         -2.48        -2.92          -1.81            0.00          -1.50            -0.28
KNeigh-vect            4.02         3.46           3.79         -0.94        -1.42          -0.49            1.50           0.00             1.43
KNeigh-weight          2.83         2.19           2.57         -2.05        -2.49          -1.65            0.28          -1.43             0.00
p-value:
                  Gaus-major    Gaus-vect    Gaus-weight    Tree-major    Tree-vect    Tree-weight    KNeigh-major    KNeigh-vect    KNeigh-weight
-------------  ------------  -----------  -------------  ------------  -----------  -------------  --------------  -------------  ---------------
Gaus-major             1.00         0.44           0.37          0.00         0.00           0.00            0.00           0.00             0.00
Gaus-vect              0.44         1.00           0.70          0.00         0.00           0.00            0.01           0.00             0.03
Gaus-weight            0.37         0.70           1.00          0.00         0.00           0.00            0.00           0.00             0.01
Tree-major             0.00         0.00           0.00          1.00         0.69           0.56            0.01           0.35             0.04
Tree-vect              0.00         0.00           0.00          0.69         1.00           0.31            0.00           0.16             0.01
Tree-weight            0.00         0.00           0.00          0.56         0.31           1.00            0.07           0.62             0.10
KNeigh-major           0.00         0.01           0.00          0.01         0.00           0.07            1.00           0.13             0.78
KNeigh-vect            0.00         0.00           0.00          0.35         0.16           0.62            0.13           1.00             0.15
KNeigh-weight          0.00         0.03           0.01          0.04         0.01           0.10            0.78           0.15             1.00
Advantage:
                  Gaus-major    Gaus-vect    Gaus-weight    Tree-major    Tree-vect    Tree-weight    KNeigh-major    KNeigh-vect    KNeigh-weight
-------------  ------------  -----------  -------------  ------------  -----------  -------------  --------------  -------------  ---------------
Gaus-major                0            1              1             0            0              0               0              0                0
Gaus-vect                 0            0              1             0            0              0               0              0                0
Gaus-weight               0            0              0             0            0              0               0              0                0
Tree-major                1            1              1             0            0              1               1              1                1
Tree-vect                 1            1              1             1            0              1               1              1                1
Tree-weight               1            1              1             0            0              0               1              1                1
KNeigh-major              1            1              1             0            0              0               0              0                0
KNeigh-vect               1            1              1             0            0              0               1              0                1
KNeigh-weight             1            1              1             0            0              0               1              0                0
Statistical significance (alpha = 0.05):
                  Gaus-major    Gaus-vect    Gaus-weight    Tree-major    Tree-vect    Tree-weight    KNeigh-major    KNeigh-vect    KNeigh-weight
-------------  ------------  -----------  -------------  ------------  -----------  -------------  --------------  -------------  ---------------
Gaus-major                0            0              0             1            1              1               1              1                1
Gaus-vect                 0            0              0             1            1              1               1              1                1
Gaus-weight               0            0              0             1            1              1               1              1                1
Tree-major                1            1              1             0            0              0               1              0                1
Tree-vect                 1            1              1             0            0              0               1              0                1
Tree-weight               1            1              1             0            0              0               0              0                0
KNeigh-major              1            1              1             1            1              0               0              0                0
KNeigh-vect               1            1              1             0            0              0               0              0                0
KNeigh-weight             1            1              1             1            1              0               0              0                0
Adaboost ranks
Ranks:
 [[5.  4.  6.  1.5 1.5 3. ]
 [3.  1.  2.  5.  5.  5. ]
 [1.  3.  2.  5.5 5.5 4. ]
 [3.  1.  2.  4.  5.  6. ]
 [2.  2.  2.  5.  5.  5. ]
 [3.  1.  2.  4.5 4.5 6. ]
 [5.  5.  5.  2.5 2.5 1. ]
 [5.  5.  5.  2.5 2.5 1. ]
 [5.  6.  4.  3.  2.  1. ]
 [2.5 5.  2.5 6.  1.  4. ]
 [2.  2.  2.  5.  5.  5. ]
 [2.  2.  2.  5.  5.  5. ]
 [6.  5.  4.  2.  3.  1. ]
 [5.5 4.  5.5 2.5 2.5 1. ]
 [5.5 4.  5.5 2.5 2.5 1. ]
 [2.  1.  3.  5.5 5.5 4. ]
 [2.  2.  2.  5.  5.  5. ]
 [2.  2.  2.  5.  5.  5. ]
 [1.  2.  3.  5.  5.  5. ]
 [1.  2.  3.  5.  5.  5. ]
 [2.  2.  2.  5.  5.  5. ]]
Mean ranks:
 [3.11904762 2.9047619  3.16666667 4.14285714 3.95238095 3.71428571]
w-statistic:
                Gaus-major    Gaus-vect    Gaus-weight    Tree-major    Tree-vect    Tree-weight
-----------  ------------  -----------  -------------  ------------  -----------  -------------
Gaus-major           0.00         0.59          -0.28         -1.86        -1.43          -0.70
Gaus-vect           -0.59         0.00          -0.87         -2.64        -2.26          -1.27
Gaus-weight          0.28         0.87           0.00         -2.05        -1.58          -0.78
Tree-major           1.86         2.64           2.05          0.00         0.36           0.73
Tree-vect            1.43         2.26           1.58         -0.36         0.00           0.45
Tree-weight          0.70         1.27           0.78         -0.73        -0.45           0.00
p-value:
                Gaus-major    Gaus-vect    Gaus-weight    Tree-major    Tree-vect    Tree-weight
-----------  ------------  -----------  -------------  ------------  -----------  -------------
Gaus-major           1.00         0.55           0.78          0.06         0.15           0.48
Gaus-vect            0.55         1.00           0.39          0.01         0.02           0.20
Gaus-weight          0.78         0.39           1.00          0.04         0.11           0.44
Tree-major           0.06         0.01           0.04          1.00         0.72           0.47
Tree-vect            0.15         0.02           0.11          0.72         1.00           0.65
Tree-weight          0.48         0.20           0.44          0.47         0.65           1.00
Advantage:
                Gaus-major    Gaus-vect    Gaus-weight    Tree-major    Tree-vect    Tree-weight
-----------  ------------  -----------  -------------  ------------  -----------  -------------
Gaus-major              0            1              0             0            0              0
Gaus-vect               0            0              0             0            0              0
Gaus-weight             1            1              0             0            0              0
Tree-major              1            1              1             0            1              1
Tree-vect               1            1              1             0            0              1
Tree-weight             1            1              1             0            0              0
Statistical significance (alpha = 0.05):
                Gaus-major    Gaus-vect    Gaus-weight    Tree-major    Tree-vect    Tree-weight
-----------  ------------  -----------  -------------  ------------  -----------  -------------
Gaus-major              0            0              0             0            0              0
Gaus-vect               0            0              0             1            1              0
Gaus-weight             0            0              0             1            0              0
Tree-major              0            1              1             0            0              0
Tree-vect               0            1              0             0            0              0
Tree-weight             0            0              0             0            0              0
